65, 81, 3
F1-Score: 0.69
70, 83, 5
F1-Score: 0.00
69, 77, 5
F1-Score: 0.00
73, 88, 2
F1-Score: 0.57
64, 87, 3
F1-Score: 0.62
65, 84, 5
F1-Score: 0.60
74, 84, 4
F1-Score: 0.00
62, 79, 5
F1-Score: 0.64
61, 90, 3
F1-Score: 0.62
73, 88, 2
F1-Score: 0.62
62, 76, 2
F1-Score: 0.62
64, 82, 3
F1-Score: 0.67
73, 90, 3
F1-Score: 0.50
67, 79, 4
F1-Score: 0.53
62, 84, 2
F1-Score: 0.62
70, 89, 2
F1-Score: 0.62
60, 80, 5
F1-Score: 0.62
63, 89, 3
F1-Score: 0.62
72, 81, 3
F1-Score: 0.29
63, 79, 5
F1-Score: 0.60
60, 78, 5
F1-Score: 0.64
65, 86, 5
F1-Score: 0.60
66, 77, 3
F1-Score: 0.67
64, 80, 4
F1-Score: 0.64
72, 86, 2
F1-Score: 0.62
73, 81, 5
F1-Score: 0.00
70, 78, 3
F1-Score: 0.15
72, 76, 2
F1-Score: 0.15
69, 75, 3
F1-Score: 0.17
65, 90, 4
F1-Score: 0.62
71, 80, 5
F1-Score: 0.00
64, 84, 3
F1-Score: 0.62
69, 86, 2
F1-Score: 0.62
60, 89, 3
F1-Score: 0.62
68, 77, 3
F1-Score: 0.60
67, 87, 4
F1-Score: 0.57
69, 88, 4
F1-Score: 0.56
68, 85, 4
F1-Score: 0.56
66, 87, 5
F1-Score: 0.33
64, 79, 2
F1-Score: 0.62
73, 81, 5
F1-Score: 0.00
69, 80, 4
F1-Score: 0.00
65, 81, 4
F1-Score: 0.57
70, 77, 4
F1-Score: 0.00
63, 82, 3
F1-Score: 0.62
66, 88, 3
F1-Score: 0.53
70, 81, 4
F1-Score: 0.11
69, 88, 3
F1-Score: 0.56
68, 79, 2
F1-Score: 0.60
74, 87, 5
F1-Score: 0.00
70, 85, 3
F1-Score: 0.53
62, 83, 3
F1-Score: 0.55
61, 82, 3
F1-Score: 0.55
73, 80, 3
F1-Score: 0.00
74, 76, 3
F1-Score: 0.00
71, 85, 5
F1-Score: 0.00
69, 90, 2
F1-Score: 0.56
67, 76, 2
F1-Score: 0.54
62, 89, 3
F1-Score: 0.58
70, 88, 2
F1-Score: 0.56
61, 89, 5
F1-Score: 0.50
67, 77, 5
F1-Score: 0.00
66, 82, 5
F1-Score: 0.26
61, 82, 4
F1-Score: 0.50
70, 86, 4
F1-Score: 0.47
60, 75, 3
F1-Score: 0.52
71, 75, 3
F1-Score: 0.00
62, 79, 4
F1-Score: 0.50
64, 80, 2
F1-Score: 0.55
68, 83, 4
F1-Score: 0.45
74, 77, 2
F1-Score: 0.26
68, 78, 5
F1-Score: 0.00
74, 81, 5
F1-Score: 0.00
65, 76, 4
F1-Score: 0.36
70, 78, 4
F1-Score: 0.00
62, 87, 3
F1-Score: 0.58
65, 87, 3
F1-Score: 0.53
66, 78, 5
F1-Score: 0.10
64, 90, 5
F1-Score: 0.56
63, 86, 3
F1-Score: 0.55
73, 87, 3
F1-Score: 0.39
69, 79, 2
F1-Score: 0.53
60, 81, 4
F1-Score: 0.52
69, 88, 5
F1-Score: 0.26
66, 80, 4
F1-Score: 0.37
73, 81, 4
F1-Score: 0.00
73, 85, 5
F1-Score: 0.00
61, 83, 2
F1-Score: 0.57
63, 82, 2
F1-Score: 0.56
63, 90, 4
F1-Score: 0.51
68, 80, 5
F1-Score: 0.11
64, 83, 2
F1-Score: 0.57
71, 84, 3
F1-Score: 0.41
65, 88, 3
F1-Score: 0.53
72, 86, 4
F1-Score: 0.18
67, 85, 2
F1-Score: 0.49
72, 75, 2
F1-Score: 0.00
60, 84, 4
F1-Score: 0.55
72, 79, 2
F1-Score: 0.47
73, 76, 3
F1-Score: 0.00
71, 77, 4
F1-Score: 0.00
72, 90, 4
F1-Score: 0.34
67, 85, 3
F1-Score: 0.57
70, 79, 3
F1-Score: 0.36
70, 88, 4
F1-Score: 0.47
61, 89, 2
F1-Score: 0.57
71, 82, 5
F1-Score: 0.00
72, 75, 5
F1-Score: 0.00
67, 79, 3
F1-Score: 0.58
72, 83, 4
F1-Score: 0.00
64, 75, 5
F1-Score: 0.20
62, 75, 3
F1-Score: 0.52
63, 75, 4
F1-Score: 0.40
74, 90, 2
F1-Score: 0.54
70, 83, 2
F1-Score: 0.53
72, 82, 3
F1-Score: 0.19
63, 78, 5
F1-Score: 0.40
71, 81, 4
F1-Score: 0.00
65, 81, 4
F1-Score: 0.56
68, 77, 4
F1-Score: 0.00
72, 77, 5
F1-Score: 0.00
70, 87, 3
F1-Score: 0.43
66, 77, 2
F1-Score: 0.52
73, 80, 2
F1-Score: 0.49
72, 84, 4
F1-Score: 0.19
61, 76, 5
F1-Score: 0.39
70, 79, 2
F1-Score: 0.56
71, 81, 2
F1-Score: 0.56
66, 78, 3
F1-Score: 0.56
72, 87, 3
F1-Score: 0.46
74, 86, 2
F1-Score: 0.52
61, 84, 3
F1-Score: 0.58
67, 85, 2
F1-Score: 0.52
73, 85, 3
F1-Score: 0.43
69, 90, 4
F1-Score: 0.39
71, 77, 2
F1-Score: 0.44
64, 85, 2
F1-Score: 0.57
66, 77, 4
F1-Score: 0.32
69, 85, 3
F1-Score: 0.57
68, 85, 2
F1-Score: 0.52
71, 79, 2
F1-Score: 0.54
68, 75, 3
F1-Score: 0.24
70, 76, 4
F1-Score: 0.00
73, 79, 2
F1-Score: 0.44
62, 87, 3
F1-Score: 0.58
66, 75, 3
F1-Score: 0.48
69, 90, 4
F1-Score: 0.49
74, 86, 2
F1-Score: 0.52
63, 86, 5
F1-Score: 0.48
63, 84, 3
F1-Score: 0.53
62, 95, 5
F1-Score: 0.54
56, 75, 4
F1-Score: 0.54
66, 90, 3
F1-Score: 0.58
59, 79, 5
F1-Score: 0.54
69, 94, 3
F1-Score: 0.55
71, 95, 3
F1-Score: 0.53
62, 81, 5
F1-Score: 0.53
64, 83, 4
F1-Score: 0.54
68, 89, 3
F1-Score: 0.54
64, 80, 4
F1-Score: 0.56
62, 78, 2
F1-Score: 0.54
64, 80, 5
F1-Score: 0.43
55, 97, 5
F1-Score: 0.57
57, 91, 2
F1-Score: 0.57
68, 80, 2
F1-Score: 0.57
63, 95, 2
F1-Score: 0.57
66, 75, 4
F1-Score: 0.11
50, 81, 4
F1-Score: 0.52
65, 95, 2
F1-Score: 0.57
64, 89, 3
F1-Score: 0.50
70, 76, 2
F1-Score: 0.25
52, 87, 5
F1-Score: 0.52
60, 77, 5
F1-Score: 0.39
50, 100, 4
F1-Score: 0.55
74, 76, 3
F1-Score: 0.00
69, 91, 3
F1-Score: 0.53
59, 94, 2
F1-Score: 0.57
73, 100, 2
F1-Score: 0.58
55, 90, 2
F1-Score: 0.57
59, 92, 5
F1-Score: 0.56
51, 86, 5
F1-Score: 0.52
72, 90, 3
F1-Score: 0.55
58, 93, 3
F1-Score: 0.55
54, 97, 4
F1-Score: 0.55
56, 84, 3
F1-Score: 0.57
54, 88, 4
F1-Score: 0.55
73, 89, 2
F1-Score: 0.55
71, 79, 4
F1-Score: 0.00
52, 75, 3
F1-Score: 0.52
61, 88, 4
F1-Score: 0.53
60, 86, 3
F1-Score: 0.55
65, 98, 3
F1-Score: 0.58
56, 94, 2
F1-Score: 0.57
69, 99, 5
F1-Score: 0.46
58, 82, 5
F1-Score: 0.50
74, 82, 5
F1-Score: 0.00
53, 94, 2
F1-Score: 0.60
71, 80, 5
F1-Score: 0.00
66, 99, 5
F1-Score: 0.56
67, 83, 4
F1-Score: 0.41
52, 85, 4
F1-Score: 0.55
62, 77, 3
F1-Score: 0.62
61, 83, 4
F1-Score: 0.50
68, 85, 5
F1-Score: 0.33
70, 96, 3
F1-Score: 0.50
68, 76, 3
F1-Score: 0.40
65, 81, 5
F1-Score: 0.50
65, 87, 4
F1-Score: 0.56
74, 87, 3
F1-Score: 0.44
68, 92, 2
F1-Score: 0.57
54, 78, 3
F1-Score: 0.52
53, 88, 4
F1-Score: 0.55
51, 78, 4
F1-Score: 0.50
74, 84, 5
F1-Score: 0.00
50, 75, 5
F1-Score: 0.53
70, 77, 3
F1-Score: 0.00
73, 92, 5
F1-Score: 0.25
68, 100, 5
F1-Score: 0.42
57, 75, 3
F1-Score: 0.55
53, 89, 4
F1-Score: 0.55
66, 79, 3
F1-Score: 0.56
52, 94, 5
F1-Score: 0.52
59, 86, 2
F1-Score: 0.57
65, 76, 3
F1-Score: 0.55
67, 87, 2
F1-Score: 0.52
57, 94, 2
F1-Score: 0.57
56, 77, 4
F1-Score: 0.54
60, 95, 4
F1-Score: 0.58
70, 82, 3
F1-Score: 0.44
71, 80, 2
F1-Score: 0.51
50, 91, 3
F1-Score: 0.57
62, 96, 4
F1-Score: 0.56
55, 88, 2
F1-Score: 0.57
61, 98, 2
F1-Score: 0.57
68, 83, 4
F1-Score: 0.38
64, 84, 4
F1-Score: 0.54
62, 85, 2
F1-Score: 0.57
66, 83, 4
F1-Score: 0.57
64, 80, 5
F1-Score: 0.32
55, 77, 4
F1-Score: 0.53
70, 77, 2
F1-Score: 0.57
60, 96, 4
F1-Score: 0.59
67, 95, 5
F1-Score: 0.39
61, 95, 2
F1-Score: 0.60
54, 82, 3
F1-Score: 0.60
69, 91, 5
F1-Score: 0.34
54, 94, 5
F1-Score: 0.57
58, 77, 2
F1-Score: 0.60
52, 79, 3
F1-Score: 0.57
72, 92, 5
F1-Score: 0.25
62, 75, 4
F1-Score: 0.37
52, 99, 5
F1-Score: 0.57
71, 88, 3
F1-Score: 0.62
61, 92, 3
F1-Score: 0.57
58, 85, 5
F1-Score: 0.53
61, 79, 5
F1-Score: 0.48
70, 93, 2
F1-Score: 0.60
59, 77, 5
F1-Score: 0.46
58, 81, 3
F1-Score: 0.57
60, 96, 2
F1-Score: 0.60
67, 100, 2
F1-Score: 0.60
57, 100, 2
F1-Score: 0.60
53, 75, 2
F1-Score: 0.60
63, 89, 3
F1-Score: 0.53
52, 86, 3
F1-Score: 0.60
67, 83, 5
F1-Score: 0.25
56, 97, 2
F1-Score: 0.62
66, 76, 4
F1-Score: 0.10
67, 90, 5
F1-Score: 0.36
71, 99, 2
F1-Score: 0.58
60, 87, 4
F1-Score: 0.57
74, 96, 3
F1-Score: 0.54
70, 80, 4
F1-Score: 0.10
73, 89, 2
F1-Score: 0.55
50, 98, 3
F1-Score: 0.60
55, 91, 2
F1-Score: 0.60
51, 96, 4
F1-Score: 0.57
65, 85, 3
F1-Score: 0.50
72, 80, 3
F1-Score: 0.17
74, 95, 4
F1-Score: 0.34
64, 82, 4
F1-Score: 0.50
66, 84, 5
F1-Score: 0.31
56, 95, 3
F1-Score: 0.60
55, 86, 4
F1-Score: 0.58
68, 83, 5
F1-Score: 0.25
69, 87, 5
F1-Score: 0.25
64, 77, 4
F1-Score: 0.41
62, 81, 4
F1-Score: 0.55
50, 91, 2
F1-Score: 0.60
63, 100, 4
F1-Score: 0.53
65, 91, 5
F1-Score: 0.40
54, 77, 5
F1-Score: 0.58
68, 87, 2
F1-Score: 0.60
63, 86, 5
F1-Score: 0.50
60, 81, 5
F1-Score: 0.53
62, 88, 5
F1-Score: 0.50
70, 94, 5
F1-Score: 0.44
64, 88, 5
F1-Score: 0.42
70, 80, 5
F1-Score: 0.00
50, 84, 5
F1-Score: 0.57
61, 76, 3
F1-Score: 0.55
63, 85, 3
F1-Score: 0.52
70, 80, 2
F1-Score: 0.55
58, 81, 5
F1-Score: 0.49
68, 96, 5
F1-Score: 0.36
67, 100, 5
F1-Score: 0.51
58, 84, 2
F1-Score: 0.60
61, 81, 4
F1-Score: 0.51
60, 86, 4
F1-Score: 0.57
54, 83, 4
F1-Score: 0.57
50, 89, 5
F1-Score: 0.55
66, 76, 4
F1-Score: 0.19
54, 81, 3
F1-Score: 0.55
67, 86, 5
F1-Score: 0.39
69, 99, 4
F1-Score: 0.55
55, 87, 4
F1-Score: 0.58
70, 80, 5
F1-Score: 0.00
70, 82, 2
F1-Score: 0.57
61, 92, 2
F1-Score: 0.60
59, 84, 4
F1-Score: 0.50
62, 91, 4
F1-Score: 0.53
67, 77, 2
F1-Score: 0.57
60, 85, 3
F1-Score: 0.55
66, 83, 4
F1-Score: 0.53
65, 84, 3
F1-Score: 0.50
73, 80, 4
F1-Score: 0.00
69, 84, 5
F1-Score: 0.18
74, 87, 3
F1-Score: 0.36
66, 86, 4
F1-Score: 0.54
67, 83, 5
F1-Score: 0.25
55, 87, 5
F1-Score: 0.55
53, 77, 5
F1-Score: 0.64
57, 82, 4
F1-Score: 0.54
65, 83, 4
F1-Score: 0.53
74, 80, 4
F1-Score: 0.00
69, 84, 5
F1-Score: 0.25
67, 75, 5
F1-Score: 0.00
69, 84, 4
F1-Score: 0.25
72, 82, 5
F1-Score: 0.00
72, 80, 5
F1-Score: 0.00
74, 75, 2
F1-Score: 0.00
53, 83, 4
F1-Score: 0.55
66, 88, 4
F1-Score: 0.55
66, 76, 4
F1-Score: 0.17
69, 85, 3
F1-Score: 0.56
69, 83, 3
F1-Score: 0.55
65, 92, 3
F1-Score: 0.56
69, 77, 4
F1-Score: 0.00
69, 77, 4
F1-Score: 0.00
70, 84, 4
F1-Score: 0.25
74, 100, 3
F1-Score: 0.53
51, 82, 5
F1-Score: 0.55
74, 89, 5
F1-Score: 0.09
73, 89, 5
F1-Score: 0.10
69, 75, 4
F1-Score: 0.00
74, 83, 3
F1-Score: 0.00
66, 76, 5
F1-Score: 0.10
54, 78, 3
F1-Score: 0.55
68, 76, 4
F1-Score: 0.10
68, 81, 4
F1-Score: 0.25
70, 87, 2
F1-Score: 0.54
70, 77, 3
F1-Score: 0.26
70, 77, 4
F1-Score: 0.00
74, 86, 4
F1-Score: 0.10
62, 88, 5
F1-Score: 0.50
62, 81, 4
F1-Score: 0.55
60, 83, 4
F1-Score: 0.51
57, 78, 3
F1-Score: 0.57
74, 75, 3
F1-Score: 0.00
72, 95, 4
F1-Score: 0.56
74, 86, 4
F1-Score: 0.18
57, 84, 3
F1-Score: 0.58
70, 87, 3
F1-Score: 0.57
73, 77, 3
F1-Score: 0.00
72, 77, 4
F1-Score: 0.00
65, 84, 4
F1-Score: 0.51
73, 77, 4
F1-Score: 0.00
67, 86, 5
F1-Score: 0.40
74, 88, 4
F1-Score: 0.18
71, 82, 4
F1-Score: 0.00
69, 92, 4
F1-Score: 0.51
71, 75, 5
F1-Score: 0.00
65, 84, 4
F1-Score: 0.51
68, 82, 3
F1-Score: 0.46
60, 78, 4
F1-Score: 0.55
71, 76, 4
F1-Score: 0.00
57, 77, 4
F1-Score: 0.55
62, 76, 5
F1-Score: 0.36
73, 86, 5
F1-Score: 0.00
70, 78, 4
F1-Score: 0.00
68, 87, 5
F1-Score: 0.32
57, 78, 4
F1-Score: 0.57
71, 85, 5
F1-Score: 0.00
59, 86, 5
F1-Score: 0.50
67, 78, 4
F1-Score: 0.17
72, 85, 4
F1-Score: 0.25
51, 77, 5
F1-Score: 0.55
64, 84, 5
F1-Score: 0.55
73, 78, 5
F1-Score: 0.00
55, 83, 4
F1-Score: 0.58
72, 90, 4
F1-Score: 0.31
55, 76, 4
F1-Score: 0.55
54, 88, 3
F1-Score: 0.57
68, 86, 4
F1-Score: 0.44
72, 78, 4
F1-Score: 0.00
66, 87, 2
F1-Score: 0.57
71, 81, 5
F1-Score: 0.00
70, 81, 4
F1-Score: 0.10
67, 86, 3
F1-Score: 0.53
72, 96, 5
F1-Score: 0.34
70, 95, 4
F1-Score: 0.47
70, 81, 5
F1-Score: 0.10
69, 78, 4
F1-Score: 0.00
73, 82, 4
F1-Score: 0.00
65, 82, 4
F1-Score: 0.50
69, 93, 4
F1-Score: 0.58
70, 84, 5
F1-Score: 0.00
71, 83, 5
F1-Score: 0.00
73, 78, 4
F1-Score: 0.00
72, 83, 5
F1-Score: 0.00
63, 79, 5
F1-Score: 0.48
73, 82, 5
F1-Score: 0.00
67, 86, 4
F1-Score: 0.47
70, 88, 4
F1-Score: 0.41
70, 87, 5
F1-Score: 0.26
69, 80, 5
F1-Score: 0.10
71, 85, 4
F1-Score: 0.17
55, 98, 5
F1-Score: 0.59
72, 81, 4
F1-Score: 0.00
66, 76, 5
F1-Score: 0.00
63, 76, 5
F1-Score: 0.36
72, 79, 4
F1-Score: 0.00
62, 77, 4
F1-Score: 0.55
68, 75, 2
F1-Score: 0.28
68, 81, 4
F1-Score: 0.25
71, 78, 5
F1-Score: 0.00
68, 77, 4
F1-Score: 0.10
52, 82, 5
F1-Score: 0.58
70, 79, 5
F1-Score: 0.00
68, 77, 4
F1-Score: 0.10
73, 83, 4
F1-Score: 0.00
51, 90, 4
F1-Score: 0.57
71, 86, 5
F1-Score: 0.10
73, 78, 3
F1-Score: 0.00
54, 96, 5
F1-Score: 0.59
72, 77, 3
F1-Score: 0.00
72, 87, 5
F1-Score: 0.10
69, 88, 3
F1-Score: 0.55
73, 76, 4
F1-Score: 0.00
72, 82, 5
F1-Score: 0.00
72, 88, 4
F1-Score: 0.36
71, 81, 4
F1-Score: 0.10
70, 88, 5
F1-Score: 0.33
70, 95, 5
F1-Score: 0.42
73, 87, 4
F1-Score: 0.18
69, 79, 4
F1-Score: 0.00
64, 77, 5
F1-Score: 0.37
70, 78, 4
F1-Score: 0.00
72, 81, 4
F1-Score: 0.00
74, 87, 4
F1-Score: 0.18
69, 77, 5
F1-Score: 0.00
70, 88, 4
F1-Score: 0.48
71, 78, 4
F1-Score: 0.00
73, 76, 4
F1-Score: 0.00
72, 84, 5
F1-Score: 0.00
70, 76, 5
F1-Score: 0.00
68, 88, 5
F1-Score: 0.36
70, 77, 5
F1-Score: 0.00
74, 83, 4
F1-Score: 0.00
73, 83, 5
F1-Score: 0.00
69, 82, 5
F1-Score: 0.10
57, 90, 2
F1-Score: 0.60
73, 81, 4
F1-Score: 0.00
74, 84, 4
F1-Score: 0.10
74, 76, 5
F1-Score: 0.00
69, 87, 5
F1-Score: 0.38
74, 87, 5
F1-Score: 0.00
72, 84, 5
F1-Score: 0.00
58, 88, 2
F1-Score: 0.60
63, 83, 5
F1-Score: 0.53
71, 79, 5
F1-Score: 0.00
55, 84, 5
F1-Score: 0.57
71, 88, 4
F1-Score: 0.31
70, 87, 5
F1-Score: 0.26
74, 89, 5
F1-Score: 0.00
73, 83, 2
F1-Score: 0.49
51, 88, 5
F1-Score: 0.57
72, 83, 5
F1-Score: 0.00
71, 78, 5
F1-Score: 0.00
73, 81, 5
F1-Score: 0.00
72, 84, 4
F1-Score: 0.00
70, 84, 5
F1-Score: 0.10
70, 80, 5
F1-Score: 0.00
71, 82, 2
F1-Score: 0.52
70, 85, 4
F1-Score: 0.32
70, 88, 4
F1-Score: 0.50
58, 87, 5
F1-Score: 0.49
70, 86, 3
F1-Score: 0.47
57, 81, 5
F1-Score: 0.51
66, 88, 4
F1-Score: 0.55
71, 84, 3
F1-Score: 0.47
73, 84, 2
F1-Score: 0.52
74, 87, 2
F1-Score: 0.61
72, 84, 5
F1-Score: 0.00
60, 87, 5
F1-Score: 0.51
69, 77, 5
F1-Score: 0.00
63, 89, 5
F1-Score: 0.50
71, 78, 5
F1-Score: 0.00
70, 87, 4
F1-Score: 0.37
72, 85, 5
F1-Score: 0.00
63, 79, 2
F1-Score: 0.60
53, 79, 2
F1-Score: 0.57
57, 95, 2
F1-Score: 0.57
62, 75, 3
F1-Score: 0.50
62, 100, 2
F1-Score: 0.52
56, 86, 5
F1-Score: 0.40
56, 92, 2, 5
F1-Score: 0.58
54, 91, 5, 8
F1-Score: 0.50
65, 78, 2, 4
F1-Score: 0.53
53, 100, 3, 10
F1-Score: 0.54
64, 94, 3, 8
F1-Score: 0.46
50, 84, 2, 4
F1-Score: 0.57
61, 90, 5, 7
F1-Score: 0.44
67, 85, 3, 5
F1-Score: 0.36
58, 96, 3, 8
F1-Score: 0.50
70, 80, 5, 3
F1-Score: 0.00
72, 82, 5, 6
F1-Score: 0.00
60, 100, 4, 3
F1-Score: 0.33
61, 80, 5, 2
F1-Score: 0.41
68, 84, 3, 9
F1-Score: 0.40
63, 83, 5, 2
F1-Score: 0.40
67, 75, 4, 4
F1-Score: 0.00
71, 92, 4, 7
F1-Score: 0.33
55, 88, 3, 3
F1-Score: 0.47
52, 98, 2, 9
F1-Score: 0.59
58, 94, 3, 9
F1-Score: 0.55
70, 92, 2, 8
F1-Score: 0.48
57, 88, 2, 6
F1-Score: 0.53
51, 76, 4, 6
F1-Score: 0.55
62, 86, 3, 6
F1-Score: 0.53
50, 77, 5, 3
F1-Score: 0.56
74, 75, 3, 4
F1-Score: 0.00
57, 83, 2, 5
F1-Score: 0.58
59, 87, 2, 9
F1-Score: 0.59
66, 79, 3, 9
F1-Score: 0.35
73, 97, 3, 3
F1-Score: 0.32
67, 79, 4, 4
F1-Score: 0.10
60, 84, 5, 8
F1-Score: 0.44
69, 87, 2, 9
F1-Score: 0.46
62, 85, 2, 4
F1-Score: 0.50
68, 89, 5, 7
F1-Score: 0.27
68, 98, 4, 9
F1-Score: 0.43
73, 81, 5, 2
F1-Score: 0.00
71, 99, 4, 2
F1-Score: 0.32
70, 91, 4, 10
F1-Score: 0.33
54, 97, 5, 5
F1-Score: 0.41
51, 92, 2, 5
F1-Score: 0.57
69, 81, 5, 6
F1-Score: 0.00
73, 98, 5, 8
F1-Score: 0.18
63, 93, 4, 4
F1-Score: 0.39
52, 90, 4, 2
F1-Score: 0.49
72, 99, 3, 7
F1-Score: 0.32
65, 96, 3, 10
F1-Score: 0.44
74, 86, 3, 7
F1-Score: 0.26
63, 78, 2, 6
F1-Score: 0.48
66, 75, 5, 5
F1-Score: 0.00
59, 81, 2, 7
F1-Score: 0.54
53, 86, 4, 2
F1-Score: 0.48
64, 96, 3, 6
F1-Score: 0.44
58, 88, 4, 2
F1-Score: 0.48
56, 94, 5, 5
F1-Score: 0.41
50, 77, 2, 10
F1-Score: 0.60
55, 95, 4, 3
F1-Score: 0.50
55, 93, 2, 9
F1-Score: 0.58
54, 78, 2, 7
F1-Score: 0.54
62, 76, 4, 10
F1-Score: 0.44
56, 90, 4, 10
F1-Score: 0.53
70, 84, 5, 6
F1-Score: 0.00
72, 87, 5, 4
F1-Score: 0.00
69, 89, 5, 6
F1-Score: 0.27
65, 94, 5, 8
F1-Score: 0.33
71, 84, 4, 7
F1-Score: 0.26
70, 80, 5, 7
F1-Score: 0.00
74, 87, 3, 7
F1-Score: 0.27
58, 87, 3, 9
F1-Score: 0.51
69, 86, 2, 4
F1-Score: 0.53
69, 77, 5, 3
F1-Score: 0.00
72, 77, 4, 2
F1-Score: 0.00
61, 75, 5, 4
F1-Score: 0.18
65, 87, 3, 7
F1-Score: 0.41
63, 92, 3, 2
F1-Score: 0.45
65, 79, 4, 4
F1-Score: 0.27
63, 77, 4, 6
F1-Score: 0.44
55, 87, 5, 4
F1-Score: 0.44
70, 94, 5, 4
F1-Score: 0.33
58, 78, 4, 5
F1-Score: 0.50
71, 80, 5, 6
F1-Score: 0.00
57, 91, 3, 6
F1-Score: 0.47
63, 89, 4, 4
F1-Score: 0.40
71, 100, 5, 4
F1-Score: 0.33
73, 93, 3, 3
F1-Score: 0.32
65, 83, 5, 3
F1-Score: 0.35
59, 89, 5, 10
F1-Score: 0.41
59, 87, 3, 5
F1-Score: 0.52
66, 87, 3, 6
F1-Score: 0.36
73, 91, 3, 3
F1-Score: 0.32
67, 81, 5, 5
F1-Score: 0.00
58, 86, 4, 8
F1-Score: 0.53
69, 82, 3, 9
F1-Score: 0.42
61, 76, 5, 5
F1-Score: 0.10
70, 90, 5, 7
F1-Score: 0.27
63, 79, 5, 5
F1-Score: 0.35
69, 76, 5, 10
F1-Score: 0.00
65, 76, 5, 5
F1-Score: 0.00
70, 91, 5, 9
F1-Score: 0.27
63, 80, 5, 5
F1-Score: 0.35
62, 91, 2, 6
F1-Score: 0.52
64, 81, 5, 4
F1-Score: 0.42
68, 98, 2, 8
F1-Score: 0.58
63, 97, 2, 4
F1-Score: 0.52
61, 86, 5, 2
F1-Score: 0.40
72, 99, 3, 6
F1-Score: 0.32
65, 87, 5, 7
F1-Score: 0.35
72, 87, 4, 8
F1-Score: 0.10
63, 82, 4, 8
F1-Score: 0.44
68, 75, 5, 7
F1-Score: 0.00
54, 90, 3, 8
F1-Score: 0.54
57, 89, 3, 8
F1-Score: 0.49
